 C                  0.45404700   -0.23321600   -0.85061800
 C                 -0.58751300   -1.21631800    1.10244500
 C                  0.87897100   -0.66738000    1.37447700
 H                  0.61241400    0.13369500   -1.85669300
 C                 -0.92073100   -0.47932000   -0.26744700
 O                  1.37221200   -0.79962200    2.52580500
 C                  1.42520100   -0.23831600    0.17104700
 C                  2.84065400    0.13117200    0.12319700
 O                  3.21773500    0.51505600   -1.10209500
 O                  3.58717400    0.10021300    1.09113000
 C                 -1.76142000   -1.36819200   -1.21170400
 C                 -3.17110000   -1.76957300   -0.77277900
 H                 -1.18455700   -2.27326500   -1.42786400
 H                 -1.82081900   -0.84292400   -2.17388600
 C                 -3.93865100   -2.44147600   -1.90695800
 H                 -3.12124200   -2.45988100    0.07694000
 H                 -3.73018200   -0.89668500   -0.41765100
 H                 -4.93536200   -2.75530100   -1.58114900
 H                 -4.06338600   -1.76132300   -2.75752900
 H                 -3.41002000   -3.33063500   -2.26935100
 C                 -1.53980100    0.92535600   -0.08426800
 C                 -1.02977300    1.83079300    0.86333900
 C                 -2.54851300    1.40254200   -0.93374300
 C                 -1.51892600    3.12871300    0.97536100
 H                 -0.22302900    1.53335300    1.52515000
 C                 -3.03989600    2.70462200   -0.82891300
 H                 -2.96774900    0.76559700   -1.70393800
 C                 -2.53387100    3.57632400    0.13020600
 H                 -1.09875100    3.79306500    1.72559800
 H                 -3.82411400    3.03184100   -1.50629500
 H                 -2.91808800    4.58871400    0.21579100
 C                  4.60008600    0.89000000   -1.28075000
 C                  5.46009200   -0.31682500   -1.58402800
 H                  4.94087900    1.41410800   -0.38478000
 H                  4.58060000    1.58754300   -2.12037900
 H                  6.48706400    0.00867500   -1.77785700
 H                  5.47611500   -1.01230800   -0.74062800
 H                  5.09537100   -0.84293100   -2.47099400
 C                 -1.55276300   -0.98097500    2.25554600
 H                 -1.24605200   -1.55772200    3.13256500
 H                 -1.63204800    0.06832900    2.54140900
 H                 -2.55055300   -1.31987000    1.96143800
 C                 -0.34916300   -2.72496700    0.92654900
 H                 -1.29549700   -3.24105000    0.73977600
 H                  0.33511200   -2.93513900    0.10077600
 H                  0.07536000   -3.13884700    1.84507600

