 C                 -0.29741600    0.14102900    0.62549600
 C                  0.79071100   -1.58918400   -0.75627500
 C                 -0.64854200   -1.31028700   -1.23095100
 H                 -0.57993300    0.48120800    1.61676700
 C                  1.03630000   -0.53191600    0.34115600
 O                 -1.14793000   -1.80210700   -2.23412900
 C                 -1.29539000   -0.41850400   -0.26610500
 C                 -2.73526200   -0.15842800   -0.18444500
 O                 -3.01165000    0.71596200    0.79520700
 O                 -3.57845600   -0.66450400   -0.90531900
 C                  1.95931100   -0.86679700    1.49578300
 C                  3.44880900   -0.84727100    1.15158300
 H                  1.68482700   -1.85226900    1.88984400
 H                  1.77872900   -0.17136700    2.32182700
 C                  4.32133100   -1.10437500    2.37440100
 H                  3.66561900   -1.60077900    0.38547900
 H                  3.70154100    0.12504700    0.70994200
 H                  5.38432100   -1.09237400    2.11363300
 H                  4.15708400   -0.34126100    3.14391500
 H                  4.09848400   -2.07994800    2.82162000
 C                  0.86062800    0.95509700   -0.05903800
 C                  0.71724900    1.37559900   -1.47050000
 C                  1.48920600    1.97579000    0.80882000
 C                  1.24479900    2.55447200   -1.93008700
 H                  0.18493000    0.74106500   -2.16986800
 C                  2.00432800    3.13738700    0.30447000
 H                  1.53573100    1.79475700    1.87702700
 C                  1.92125200    3.44834400   -1.07376800
 H                  1.12572800    2.80598700   -2.98091800
 H                  2.47289400    3.84338000    0.98538100
 H                  2.34039200    4.37221200   -1.45792800
 C                 -4.39982700    1.04501000    1.01079100
 C                 -5.06213600    0.04694400    1.93525600
 H                 -4.90331300    1.09390200    0.04233800
 H                 -4.37202400    2.04248200    1.45333100
 H                 -6.09319700    0.36000000    2.12734800
 H                 -5.08619800   -0.95045700    1.48836700
 H                 -4.53680600   -0.00549800    2.89323900
 C                  1.79288400   -1.61168900   -1.91060900
 H                  1.39477000   -2.22452100   -2.72562800
 H                  2.00265300   -0.61274500   -2.29918600
 H                  2.73840200   -2.05509300   -1.58750500
 C                  0.70839300   -3.00438400   -0.14568700
 H                  1.68880300   -3.32700400    0.21653500
 H                 -0.00342200   -3.05474300    0.68517200
 H                  0.38449700   -3.70781000   -0.91853800

