 C                 -0.09426000    0.05445000   -0.52705400
 C                 -1.47521000   -1.86752300    0.29495200
 C                  0.01465200   -2.11386300    0.56398100
 H                  0.16592100    0.09811700   -1.60378000
 C                 -1.48768900   -0.50301100   -0.34952200
 O                  0.46825300   -3.14198700    1.05648500
 C                  0.78633500   -0.96069500    0.11712700
 C                  2.24951700   -0.84417900    0.24081300
 O                  2.76055200   -0.09990800   -0.74410300
 O                  2.90242700   -1.34754900    1.13656100
 C                 -2.61837800    0.08378000   -1.12461800
 C                 -3.96992000    0.19483100   -0.40931600
 H                 -2.76820000   -0.50208200   -2.05054000
 H                 -2.32078300    1.08660000   -1.46018600
 C                 -5.00889100    0.90906900   -1.26560500
 H                 -4.34074900   -0.80401500   -0.15157800
 H                 -3.83441600    0.73083000    0.53839400
 H                 -5.97169400    0.97702500   -0.74919300
 H                 -4.68695500    1.92819600   -1.50880300
 H                 -5.17361900    0.37872200   -2.21072600
 C                  0.08567700    1.46946600    0.01251900
 C                 -0.05587000    1.72657900    1.38120400
 C                  0.37148700    2.53100500   -0.84842600
 C                  0.09143100    3.01955200    1.87796300
 H                 -0.28755000    0.91163700    2.06326400
 C                  0.51157500    3.82818200   -0.35442200
 H                  0.48782500    2.34198500   -1.91305400
 C                  0.37421100    4.07552400    1.01045000
 H                 -0.01734200    3.20307300    2.94329900
 H                  0.72994400    4.64429100   -1.03762900
 H                  0.48536200    5.08463800    1.39690700
 C                  4.18934600    0.11588400   -0.73865500
 C                  4.91388700   -1.00497100   -1.45031100
 H                  4.52229300    0.22019900    0.29665100
 H                  4.31615800    1.06825200   -1.25669700
 H                  5.98434400   -0.77956900   -1.48371700
 H                  4.78150900   -1.95604700   -0.92783100
 H                  4.55487600   -1.11121900   -2.47800300
 C                 -2.00590400   -2.97216500   -0.63681900
 H                 -1.87572800   -3.95194600   -0.16692300
 H                 -3.07239200   -2.82334400   -0.83169400
 H                 -1.47944700   -2.97454000   -1.59678200
 C                 -2.21432200   -1.93714000    1.64694300
 H                 -1.87375800   -1.15320500    2.33041100
 H                 -3.29123500   -1.82089600    1.50438400
 H                 -2.03026500   -2.90979000    2.11506800

