 C                  0.57914700   -0.25432300   -0.67094900
 C                  0.42272600    1.70458200    0.91376500
 C                  0.35544600    0.37536500    1.68322600
 H                  0.09641100   -0.76192200   -1.50698500
 C                 -0.20641200    0.95557900   -0.29386800
 O                  0.59498100    0.10076100    2.83674700
 C                 -0.30047800   -0.37238900    0.56676800
 C                 -1.38013300   -1.37104700    0.70996800
 O                 -1.86987400   -1.75593400   -0.47407900
 O                 -1.78226200   -1.78327000    1.78180800
 C                 -1.23175300    1.50201900   -1.25843100
 C                 -2.62857400    1.83850300   -0.72991700
 H                 -1.34490400    0.77323200   -2.07032300
 H                 -0.79242200    2.39592400   -1.72467200
 C                 -3.59778600    2.12623900   -1.87156800
 H                 -3.00493500    0.99867900   -0.13269100
 H                 -2.59457200    2.70475500   -0.06387600
 H                 -4.59262900    2.37893000   -1.49154900
 H                 -3.25057500    2.96789100   -2.48195000
 H                 -3.70164800    1.25770600   -2.53211400
 C                  2.05822000   -0.48722800   -0.66555300
 C                  2.69208400   -1.23517900    0.32904200
 C                  2.81962700   -0.00623600   -1.73906900
 C                  4.06618200   -1.47319600    0.27033200
 H                  2.11224400   -1.63769800    1.15492900
 C                  4.18961700   -0.24352600   -1.79939000
 H                  2.33347900    0.56535500   -2.52621400
 C                  4.81929600   -0.97519400   -0.79028200
 H                  4.54480900   -2.05309600    1.05451700
 H                  4.76759200    0.14236600   -2.63454000
 H                  5.88880900   -1.15964200   -0.83577100
 C                 -2.95905500   -2.70525800   -0.46465300
 C                 -4.29564400   -2.00774400   -0.34570400
 H                 -2.79825300   -3.41259200    0.35215300
 H                 -2.86425000   -3.22850000   -1.41799700
 H                 -5.09787600   -2.74995100   -0.40556200
 H                 -4.38592200   -1.48555700    0.61065500
 H                 -4.43538100   -1.28827900   -1.15778100
 C                  1.75921300    2.41052500    0.72524000
 H                  2.51370000    1.77455100    0.26200300
 H                  1.62340500    3.29821600    0.09757300
 H                  2.13969200    2.74543800    1.69590700
 C                 -0.55244400    2.65060000    1.62540100
 H                 -0.11111800    2.96812000    2.57479100
 H                 -0.72908700    3.54265400    1.01617800
 H                 -1.51500700    2.17841500    1.84135600

