 C                  0.25367900   -0.04140900   -0.25320200
 C                  2.59202100    0.48540200    0.59629300
 C                 -0.15091400    0.99916300    1.97355800
 H                 -0.28842900    0.28340400   -1.15102200
 C                  1.58558400    0.72431500   -0.27226900
 O                  0.25619900    1.52959200    2.92030700
 C                 -0.64649400    0.40132300    0.89022300
 C                 -2.11107400    0.34494900    0.87466400
 O                 -2.56889800   -0.12962000   -0.28770300
 O                 -2.82632700    0.69396600    1.80446900
 C                  1.63851300    1.78030100   -1.35177600
 C                  0.74905700    2.99916300   -1.07664900
 H                  1.31487700    1.32508200   -2.30020700
 H                  2.66222200    2.12444100   -1.52188300
 C                  0.78482600    4.01287100   -2.21401200
 H                 -0.28608700    2.67469700   -0.90901000
 H                  1.07710700    3.47315100   -0.14233700
 H                  0.15222800    4.87942300   -1.99606600
 H                  1.80390900    4.37810100   -2.38605000
 H                  0.42986500    3.56716400   -3.15045500
 C                  0.38674100   -1.55604200   -0.40522700
 C                 -0.23973300   -2.46841700    0.44557200
 C                  1.13423200   -2.05467700   -1.47990700
 C                 -0.11691800   -3.84344500    0.23787900
 H                 -0.82066800   -2.10887000    1.29079100
 C                  1.25753800   -3.42505800   -1.69242300
 H                  1.63035500   -1.36137600   -2.15518200
 C                  0.63181200   -4.32847700   -0.83150400
 H                 -0.60933200   -4.53396000    0.91732600
 H                  1.84380100   -3.78857900   -2.53212700
 H                  0.72827800   -5.39818500   -0.99440300
 C                 -4.00110500   -0.22006200   -0.44525000
 C                 -4.57476500    1.07499700   -0.97530200
 H                 -4.44293500   -0.49417700    0.51539800
 H                 -4.14000100   -1.03922900   -1.15346500
 H                 -5.64941200    0.95350900   -1.14410700
 H                 -4.43127200    1.89087700   -0.26182400
 H                 -4.10856900    1.34865700   -1.92627600
 C                  2.56226400   -0.57539900    1.66445300
 H                  1.63075200   -1.13839600    1.71373300
 H                  3.37481700   -1.29477800    1.49714100
 H                  2.74524400   -0.12598600    2.64850700
 C                  3.89108900    1.24649900    0.60623100
 H                  3.93923200    2.06552300   -0.11098500
 H                  4.06961500    1.66614900    1.60397200
 H                  4.72848200    0.56587200    0.40382500

