 C                  0.52213400   -0.16414600   -0.65390000
 C                 -0.62183900   -1.17550900    1.18772600
 C                  0.76577300   -0.64731000    1.58073900
 H                  0.73089000    0.13789000   -1.67666500
 C                 -0.88320300   -0.48552600   -0.20644800
 O                  1.21264100   -0.62772200    2.71282400
 C                  1.44111300   -0.22432700    0.33014300
 C                  2.87765700    0.09376800    0.20215100
 O                  3.15406600    0.65601900   -0.98143500
 O                  3.71042100   -0.13233700    1.05895200
 C                 -1.57623800   -1.38003800   -1.25196900
 C                 -3.00372000   -1.83798000   -0.94259100
 H                 -0.95254700   -2.26600100   -1.41476400
 H                 -1.56658800   -0.85027600   -2.21355500
 C                 -3.62711300   -2.56478700   -2.12943300
 H                 -3.00525100   -2.50492200   -0.07391700
 H                 -3.63153400   -0.98518600   -0.66269700
 H                 -4.63794000   -2.91275300   -1.89473000
 H                 -3.69421400   -1.90838300   -3.00477900
 H                 -3.03089100   -3.43875200   -2.41583300
 C                 -1.53543300    0.91641100   -0.10165300
 C                 -1.10652400    1.83332100    0.87058500
 C                 -2.49409300    1.36036100   -1.02142100
 C                 -1.64390800    3.11414200    0.95470000
 H                 -0.33142800    1.56159000    1.58102700
 C                 -3.03162100    2.64612100   -0.94640800
 H                 -2.84078600    0.71088700   -1.81647100
 C                 -2.61614200    3.52881600    0.04551800
 H                 -1.29196200    3.79101000    1.72804400
 H                 -3.77844200    2.95235500   -1.67362600
 H                 -3.03474400    4.52928800    0.10478700
 C                  4.53620900    0.96628100   -1.25891600
 C                  5.25538200   -0.22448700   -1.85319900
 H                  5.01180100    1.30592800   -0.33591000
 H                  4.48670600    1.79711200   -1.96523900
 H                  6.28028500    0.06149700   -2.10971800
 H                  5.30071700   -1.05377400   -1.14219400
 H                  4.75765900   -0.56597600   -2.76542800
 C                 -1.67238000   -0.97405800    2.27317000
 H                 -1.31852800   -1.42213600    3.20644000
 H                 -1.88833600    0.07826700    2.46576200
 H                 -2.60848100   -1.46633900    1.99439600
 C                 -0.36487600   -2.69507200    1.03838900
 H                 -1.27957600   -3.22726500    0.76824000
 H                  0.40155400   -2.91887900    0.29076900
 H                 -0.02246200   -3.08875900    2.00024000

