!optimized with OPT=TS
 C                  0.24096800   -0.22689900   -0.87786900
 C                 -0.94195600   -1.50806600    0.78435800
 C                  0.51823700   -1.27747300    1.23484200
 H                  0.47443000    0.26462300   -1.81162900
 C                 -1.14528500   -0.44498500   -0.34049600
 O                  0.98772300   -1.70462400    2.28735900
 C                  1.20923200   -0.55425800    0.17545400
 C                  2.64094600   -0.27738900    0.12991500
 O                  2.97083600    0.33857300   -1.02047900
 O                  3.44559300   -0.55250700    1.00726800
 C                 -2.19750300   -0.76393400   -1.40212900
 C                 -3.65330000   -0.66753700   -0.95291900
 H                 -1.99419900   -1.76791500   -1.78975900
 H                 -2.04300900   -0.10071400   -2.26189100
 C                 -4.62243600   -0.87603000   -2.11117600
 H                 -3.85493900   -1.41145200   -0.17395700
 H                 -3.83376100    0.31286800   -0.49309400
 H                 -5.66265600   -0.81408200   -1.77620100
 H                 -4.47618000   -0.11857700   -2.88989500
 H                 -4.47908800   -1.85908500   -2.57427800
 C                 -1.13416600    0.99916000    0.14553900
 C                 -0.60895300    1.39022200    1.41763700
 C                 -1.55820000    2.05187300   -0.71898400
 C                 -0.46521200    2.73280700    1.75857600
 H                 -0.35298700    0.65226500    2.16647800
 C                 -1.43537500    3.37507500   -0.35622900
 H                 -1.98711500    1.81326100   -1.68560900
 C                 -0.86805900    3.73413000    0.88294600
 H                 -0.05654800    2.98934400    2.73159900
 H                 -1.78197000    4.14873500   -1.03534900
 H                 -0.76810700    4.78000100    1.15604000
 C                  4.36059000    0.66796600   -1.21229800
 C                  5.12536100   -0.49676700   -1.80333600
 H                  4.78326900    0.98121500   -0.25438400
 H                  4.34285600    1.52032900   -1.89434000
 H                  6.15917000   -0.19235800   -1.99482400
 H                  5.14138400   -1.34738600   -1.11687500
 H                  4.68102400   -0.81373600   -2.75131900
 C                 -1.93128500   -1.48355300    1.94855300
 H                 -2.84561600   -2.02387600    1.69019500
 H                 -1.48162100   -1.98203500    2.81352400
 H                 -2.21704400   -0.47245400    2.24737700
 C                 -0.91141300   -2.93029800    0.18920900
 H                 -1.90633900   -3.23331700   -0.14994000
 H                 -0.21835500   -3.00631000   -0.65639300
 H                 -0.58895300   -3.63513600    0.96177400

