 C                 -0.29679100    0.15072700    0.62230800
 C                  0.78538200   -1.68692400   -0.63252800
 C                 -0.66271600   -1.47109900   -1.10285100
 H                 -0.60743800    0.46682900    1.61800700
 C                  0.98572400   -0.60855700    0.42950400
 O                 -1.17237400   -2.04326800   -2.05641700
 C                 -1.31042200   -0.50075900   -0.21584800
 C                 -2.75070500   -0.22369000   -0.16153200
 O                 -3.00722700    0.81497200    0.64467300
 O                 -3.60283300   -0.85408000   -0.76233900
 C                  1.96735400   -0.76279600    1.55365900
 C                  3.44511400   -0.74551500    1.15572900
 H                  1.74640000   -1.70579100    2.07740200
 H                  1.79416100    0.02415200    2.29525000
 C                  4.36343700   -0.82407500    2.36923700
 H                  3.66100700   -1.58335900    0.48284200
 H                  3.64879400    0.17090300    0.58836900
 H                  5.41666300   -0.81457200    2.07137700
 H                  4.19926700    0.02389600    3.04415100
 H                  4.18675300   -1.74234300    2.94117400
 C                  0.63718900    1.11981100   -0.08374500
 C                  0.57736600    1.37524600   -1.50029300
 C                  1.34755700    2.09402300    0.70809900
 C                  1.34304000    2.37204700   -2.07334900
 H                 -0.06760800    0.77739900   -2.13693700
 C                  2.10360700    3.08036400    0.10895000
 H                  1.28580700    2.04863900    1.79100500
 C                  2.14483500    3.21573400   -1.28913400
 H                  1.29782300    2.51700600   -3.14976600
 H                  2.64987600    3.78070100    0.73581900
 H                  2.74241600    3.99530300   -1.75080900
 C                 -4.39143000    1.18859200    0.81733500
 C                 -5.04207000    0.38121700    1.91896900
 H                 -4.90947700    1.06252400   -0.13633300
 H                 -4.35095200    2.24988200    1.06876400
 H                 -6.06796600    0.73284000    2.06656300
 H                 -5.07918800   -0.68078700    1.66243200
 H                 -4.50083600    0.50077500    2.86188800
 C                  1.76541900   -1.69093100   -1.80907100
 H                  2.75514300   -2.01879100   -1.48137600
 H                  1.41354000   -2.38965500   -2.57459000
 H                  1.86385100   -0.70019000   -2.25768700
 C                  0.78847500   -3.08673700    0.02473100
 H                  1.78908100   -3.33278000    0.39174600
 H                  0.08691300   -3.14849600    0.86334900
 H                  0.50326300   -3.83514900   -0.72099500

