!QST3 optimized
 C                 -0.09349100    0.02070100   -0.55510700
 C                 -1.36800400   -1.98192600    0.24841200
 C                  0.13142400   -2.14194200    0.52988200
 H                  0.18324700    0.09123500   -1.62608900
 C                 -1.45066500   -0.62594700   -0.40861800
 O                  0.64138700   -3.14467200    1.01993000
 C                  0.83722600   -0.94170200    0.09881300
 C                  2.28747200   -0.73359800    0.25001100
 O                  2.77112300    0.03611500   -0.72905400
 O                  2.95146100   -1.19012600    1.16243200
 C                 -2.62227800   -0.09130500   -1.16067300
 C                 -3.88585500    0.21156200   -0.34108300
 H                 -2.89818300   -0.79492500   -1.96528900
 H                 -2.31477400    0.83327700   -1.66748600
 C                 -4.97120100    0.86327200   -1.18944200
 H                 -4.27590900   -0.71344100    0.09832900
 H                 -3.62125900    0.86756900    0.49764000
 H                 -5.86907800    1.06883200   -0.59785500
 H                 -4.62453300    1.81318600   -1.61249000
 H                 -5.26243300    0.21503700   -2.02410200
 C                 -0.01331000    1.43980100   -0.00127300
 C                 -0.17195900    1.67408400    1.36970900
 C                  0.19618300    2.52669300   -0.85251900
 C                 -0.11711200    2.96968400    1.87801000
 H                 -0.34310500    0.83882200    2.04500100
 C                  0.24290600    3.82619200   -0.34696800
 H                  0.32590400    2.35600300   -1.91868000
 C                  0.08847900    4.05096500    1.01993200
 H                 -0.23764200    3.13533400    2.94500400
 H                  0.40262500    4.66184400   -1.02273600
 H                  0.12744700    5.06193400    1.41542500
 C                  4.18363500    0.33973100   -0.69671700
 C                  4.99005300   -0.73810900   -1.38637200
 H                  4.48846200    0.46997300    0.34428700
 H                  4.26193300    1.29528100   -1.21843800
 H                  6.04499900   -0.44704800   -1.40015200
 H                  4.90625200   -1.69268800   -0.86022800
 H                  4.65905000   -0.87203500   -2.42021400
 C                 -1.83477400   -3.12163400   -0.67407500
 H                 -1.64990900   -4.08876700   -0.19640000
 H                 -2.90826700   -3.03388000   -0.86828600
 H                 -1.30927700   -3.10163800   -1.63425400
 C                 -2.11236900   -2.08374700    1.59610500
 H                 -1.83637600   -1.26848200    2.27182200
 H                 -3.19342800   -2.04780300    1.44097200
 H                 -1.86567500   -3.03481200    2.07958800

