!QST3 optimized
 C                  0.04500000    0.00041000   -0.51795300
 C                 -1.19522300   -1.80381000    0.59497400
 C                  0.37050800   -2.01181000    0.76462000
 H                  0.28211000    0.19533000   -1.57404600
 C                 -1.21145500   -0.79662000   -0.46299600
 O                  0.77001600   -3.01025900    1.37444400
 C                  1.02540500   -0.92526900    0.16323300
 C                  2.44492600   -0.73576800    0.09188400
 O                  2.75334500    0.35821400   -0.66477800
 O                  3.31837600   -1.42677900    0.61239900
 C                 -2.26685300   -0.66150400   -1.46724500
 C                 -3.59629400   -0.11652200   -0.87035700
 H                 -2.47862300   -1.66641100   -1.86166500
 H                 -1.94329800   -0.02562400   -2.29531300
 C                 -4.64795400    0.02603300   -1.96133000
 H                 -3.95393700   -0.79134700   -0.08754900
 H                 -3.40237200    0.85314600   -0.40122700
 H                 -5.57597800    0.42045800   -1.53691100
 H                 -4.31668700    0.71457300   -2.74521000
 H                 -4.87078900   -0.93919000   -2.42713400
 C                 -0.20348000    1.38385100    0.12157600
 C                  0.22282600    1.65722200    1.42195600
 C                 -0.83636200    2.39000300   -0.61546900
 C                  0.02132600    2.91883000    1.97889500
 H                  0.73757500    0.88402900    1.98677300
 C                 -1.04584100    3.64916200   -0.05640700
 H                 -1.14846800    2.20116400   -1.63983600
 C                 -0.62006000    3.91590100    1.24456100
 H                  0.36990500    3.12250500    2.98744100
 H                 -1.53365800    4.42348700   -0.64156000
 H                 -0.77958400    4.89793900    1.68035100
 C                  4.14306700    0.65238700   -0.85609400
 C                  4.70524700   -0.07526700   -2.05986500
 H                  4.69207700    0.39385600    0.05321600
 H                  4.18026600    1.73547500   -0.99941700
 H                  5.75006600    0.21446600   -2.21319400
 H                  4.66831500   -1.15838400   -1.91386900
 H                  4.14484500    0.17725300   -2.96535000
 C                 -1.94426900   -3.09693400    0.27473800
 H                 -1.72269100   -3.82133400    1.06176200
 H                 -3.02651400   -2.94365000    0.24671800
 H                 -1.61999700   -3.52748700   -0.67724900
 C                 -1.69883200   -1.25293400    1.96172100
 H                 -1.23292700   -0.30463500    2.22756100
 H                 -2.78410400   -1.12545900    1.94312900
 H                 -1.43952600   -2.00373300    2.71340500

