!QST3 optimized
 C                  0.29832500    0.13951700   -0.44677800
 C                  0.04663500    2.14123200    0.98937200
 C                 -0.91765100    0.73033100    1.52859600
 H                 -0.12109600   -0.25379200   -1.38205800
 C                 -0.12846700    1.57790200   -0.29747700
 O                 -1.66661300    0.97161200    2.44877000
 C                 -0.54467500   -0.34079100    0.71838500
 C                 -1.09346300   -1.67332100    0.86507300
 O                 -0.78721900   -2.44643500   -0.20208900
 O                 -1.75323600   -2.07947500    1.81434000
 C                 -0.98043200    2.17733900   -1.35934500
 C                 -2.36804500    1.52235500   -1.51647300
 H                 -0.43316500    2.04368300   -2.30353600
 H                 -1.09856600    3.25202700   -1.20032100
 C                 -3.14101200    2.12485300   -2.68140600
 H                 -2.25199300    0.44271400   -1.66201900
 H                 -2.92738700    1.65509100   -0.58318500
 H                 -4.12923900    1.66316900   -2.76817400
 H                 -3.28530600    3.20233600   -2.54757200
 H                 -2.61339200    1.97101600   -3.62893600
 C                  1.78760500   -0.17049700   -0.47561900
 C                  2.35236600   -1.14198500    0.35255200
 C                  2.60857800    0.49223500   -1.39425500
 C                  3.71248500   -1.43992200    0.27293500
 H                  1.72710500   -1.65996600    1.07462700
 C                  3.96990000    0.20281600   -1.47064200
 H                  2.18478300    1.24331200   -2.05775900
 C                  4.52700800   -0.76641200   -0.63642900
 H                  4.13579500   -2.19822300    0.92596700
 H                  4.59461400    0.73359800   -2.18377600
 H                  5.58731000   -0.99504800   -0.69552000
 C                 -1.29694800   -3.79097800   -0.20792000
 C                 -2.68121600   -3.85372700   -0.81728700
 H                 -1.29359200   -4.17557200    0.81499700
 H                 -0.57542400   -4.35351500   -0.80491800
 H                 -3.01500500   -4.89539000   -0.86327500
 H                 -3.40055200   -3.29064800   -0.21639600
 H                 -2.67854200   -3.45104200   -1.83464100
 C                  1.33607400    2.00979700    1.79105600
 H                  1.87522200    1.08453700    1.60022900
 H                  1.98931500    2.85355500    1.53970600
 H                  1.10447000    2.07120700    2.85827000
 C                 -0.67964200    3.42758500    1.31650800
 H                 -0.75538200    3.53315900    2.40156400
 H                 -0.11584500    4.28541000    0.93443000
 H                 -1.69214600    3.46278700    0.90905600

