!optimized with OPT=TS
0 3
 C                  0.19743500    0.86892100    1.53652400
 C                 -0.50157400    1.71031400   -0.60945000
 C                  0.67146100    2.53336000   -0.08513500
 H                  0.14641500    0.37409400    2.49693600
 H                 -0.37617200    1.44802100   -1.66468400
 H                 -1.41127300    2.32201300   -0.53632900
 C                 -0.61383700    0.49524700    0.32776700
 O                  1.18389300    3.50634100   -0.67626200
 C                  1.04011200    2.01703300    1.19194600
 C                 -2.03830900    0.00123600    0.54723800
 C                 -2.67937500   -0.61457900   -0.69341200
 H                 -2.63243300    0.86082000    0.88523600
 H                 -2.06622000   -0.72055200    1.37261500
 C                 -4.10659500   -1.08462100   -0.43806300
 H                 -2.67563700    0.11879500   -1.51010000
 H                 -2.06805700   -1.45969000   -1.03614500
 H                 -4.54931500   -1.52179700   -1.33869200
 H                 -4.13685800   -1.84449000    0.35134200
 H                 -4.74608000   -0.25252000   -0.12188000
 C                  0.44449000   -0.56072700    0.06699600
 C                  1.55461700   -0.32216500   -0.79692800
 C                  0.37193500   -1.83902000    0.69833600
 C                  2.54741500   -1.28297400   -0.96420400
 H                  1.62372800    0.59873300   -1.36328800
 C                  1.35214100   -2.78767000    0.50292500
 H                 -0.46899000   -2.07066500    1.34404400
 C                  2.46319900   -2.51391100   -0.31860700
 H                  3.38332900   -1.07197500   -1.62531000
 H                  1.26340400   -3.75620300    0.98685600
 H                  3.23505600   -3.26402000   -0.46110300
 H                  1.78926300    2.46605400    1.83499700

