C                 -0.89356100   -0.05219900    1.38516800
 C                 -1.25565300   -1.23962000   -0.71899700
 C                 -2.58387300   -0.76856700   -0.13329200
 H                 -0.52492300   -0.05779900    2.40780400
 H                 -1.12146700   -0.85320100   -1.73540600
 H                 -1.27395900   -2.33437800   -0.79361800
 C                 -0.18290800   -0.79056200    0.26560400
 O                 -3.69043300   -0.93678400   -0.65865900
 C                 -2.32197400   -0.11492500    1.12076500
 C                  0.96263300   -1.74165800    0.51896700
 C                  1.91055500   -1.87610900   -0.67243300
 H                  0.53353700   -2.72462100    0.76089400
 H                  1.53029900   -1.43516700    1.40432500
 C                  3.03640600   -2.86933000   -0.41183200
 H                  1.34240900   -2.18794300   -1.55840900
 H                  2.33001600   -0.88889600   -0.90543500
 H                  3.70449600   -2.94928600   -1.27527400
 H                  3.64045400   -2.56414800    0.45043400
 H                  2.64058800   -3.86972000   -0.20224200
 C                  0.01360500    0.74016400    0.37432500
 C                 -0.58924800    1.63241700   -0.63447300
 C                  1.28151400    1.23182500    0.94853200
 C                  0.04162600    2.77818200   -1.04683700
 H                 -1.54703800    1.37266500   -1.07236800
 C                  1.87505900    2.38171000    0.50523800
 H                  1.74521500    0.66189600    1.74751100
 C                  1.28425600    3.17450900   -0.50776400
 H                 -0.43295800    3.39553500   -1.80552500
 H                  2.81523500    2.69638900    0.95110800
 H                  1.77094100    4.08103200   -0.85196800
 H                 -3.10000100    0.23689800    1.78961000

