 C                 -0.04351900   -0.78181300   -0.84781000
 C                 -2.29229900   -0.94660400    0.17889600
 C                 -1.64686300   -2.32221400    0.12142500
 H                 -0.00929400   -0.71369200   -1.95532400
 H                 -2.64220300   -0.73313400    1.19946700
 H                 -3.19912400   -0.94331800   -0.45119900
 C                 -1.23330500   -0.01485000   -0.31555700
 O                 -2.16259700   -3.37591000    0.51165500
 C                 -0.34317000   -2.19120000   -0.47160100
 C                 -1.45447600    1.42424500   -0.61474100
 C                 -2.19137200    2.20068900    0.48061300
 H                 -2.03303100    1.51849300   -1.55400500
 H                 -0.48735700    1.90579100   -0.81423100
 C                 -2.39471100    3.66664500    0.11844700
 H                 -3.16526000    1.73128400    0.66929000
 H                 -1.62427100    2.12349200    1.41724000
 H                 -2.92259900    4.20413400    0.91272100
 H                 -1.43476100    4.17002200   -0.04447900
 H                 -2.98256600    3.76823400   -0.80118400
 C                  1.31038700   -0.29704700   -0.34684700
 C                  1.57204200   -0.24400500    1.02756200
 C                  2.30884900    0.09817400   -1.23968600
 C                  2.80802400    0.19343200    1.49738300
 H                  0.79882300   -0.54188900    1.73227800
 C                  3.54724300    0.53980300   -0.77167000
 H                  2.11634000    0.06260900   -2.30962200
 C                  3.80040300    0.58741500    0.59799200
 H                  2.99721600    0.22824900    2.56681300
 H                  4.31241700    0.84773500   -1.47897300
 H                  4.76378300    0.93099200    0.96407200
 H                  0.32927100   -3.02774700   -0.63252500

