 C                 -0.08775900    0.17021700    1.00093200
 C                 -0.75326200    1.06079000   -1.19625800
 C                 -0.14103800    2.20916100   -0.39340200
 H                 -0.38873400   -0.24756200    1.96351600
 H                 -0.07942200    0.42622200   -1.77950100
 H                 -1.55295900    1.44259400   -1.83976000
 C                 -1.25371400    0.50680200    0.14597700
 O                  0.24959700    3.31018000   -0.72758100
 C                 -0.48876200    1.63501500    0.92313500
 C                 -2.65533600    0.03422200    0.39214000
 C                 -2.95432100   -1.31114300   -0.27106500
 H                 -3.35896100    0.78981900    0.01605000
 H                 -2.82321300   -0.04377000    1.47428300
 C                 -4.39271700   -1.76298000   -0.04911000
 H                 -2.75228700   -1.23714000   -1.34769900
 H                 -2.26320300   -2.06778500    0.12250900
 H                 -4.58529400   -2.72795800   -0.52858200
 H                 -4.61184900   -1.87094600    1.01932200
 H                 -5.10247300   -1.03711900   -0.46202500
 C                  1.22179500   -0.35946100    0.50469000
 C                  2.40432700    0.36981600    0.65922600
 C                  1.28221000   -1.62469500   -0.09053300
 C                  3.62359000   -0.15291100    0.22835800
 H                  2.36792900    1.35427100    1.11929000
 C                  2.49894500   -2.14928600   -0.52259900
 H                  0.36784400   -2.19938000   -0.21831200
 C                  3.67423600   -1.41410800   -0.36393800
 H                  4.53378600    0.42690700    0.35465500
 H                  2.52904400   -3.13135400   -0.98662100
 H                  4.62286000   -1.82126800   -0.70237400
 H                 -0.76899700    2.19440200    1.81057200

