 C                 -0.14977300   -0.21096000   -0.57804400
 C                 -0.58916000   -0.12051400    1.89402600
 C                 -0.76912100   -2.63345600   -0.46252700
 H                 -0.53310800    0.46532300   -1.35458000
 H                  0.46461500   -0.27002500    2.11155300
 H                 -1.26491200   -0.03422700    2.74143400
 C                 -1.05098000   -0.03534800    0.64166400
 O                 -1.20190100   -3.55158200    0.12352400
 C                 -0.30099500   -1.61172400   -1.14447500
 C                 -2.50616700    0.22620900    0.34262100
 C                 -2.79557900    1.68907100   -0.01775800
 H                 -3.11207500   -0.05073300    1.21359500
 H                 -2.83205100   -0.41384000   -0.48905800
 C                 -4.26179900    1.92141600   -0.36286500
 H                 -2.50505500    2.32516000    0.82771600
 H                 -2.16887400    1.99587100   -0.86514400
 H                 -4.45141100    2.97215400   -0.60476400
 H                 -4.56435500    1.31927400   -1.22721600
 H                 -4.91262300    1.64890100    0.47584400
 C                  1.29920600    0.18109800   -0.33839000
 C                  2.27285100   -0.74642200    0.03968700
 C                  1.67239200    1.52340100   -0.47730300
 C                  3.58575200   -0.34228300    0.28655900
 H                  2.00292700   -1.79478000    0.13392500
 C                  2.98226300    1.93071700   -0.23567900
 H                  0.92726800    2.25745500   -0.77737700
 C                  3.94545400    0.99717100    0.15013700
 H                  4.32879300   -1.07858900    0.58106100
 H                  3.25268700    2.97660300   -0.35341900
 H                  4.96859900    1.31155500    0.33629300
 H                  0.00871200   -1.82770200   -2.16397400

