0 1
 C                  1.19915600   -0.83747400    1.38779200
 C                  1.50363700   -0.42870900   -0.93330900
 C                  2.69988700   -1.13197200   -0.31793800
 H                  0.73802100   -0.87264800    2.37057400
 H                  1.03983800   -1.15255400   -1.61196400
 H                  1.82434300    0.42220500   -1.54032700
 C                  0.57812300   -0.05713400    0.24469200
 O                  3.73068900   -1.42549300   -0.90740300
 C                  2.37614600   -1.40612900    1.08587100
 C                  0.70759300    1.45424600    0.59463000
 C                  0.07436400    2.41480200   -0.40693600
 H                  1.77797500    1.68050700    0.69623700
 H                  0.25964000    1.62321800    1.58300300
 C                  0.32432700    3.87177900   -0.03245600
 H                  0.47068700    2.22351900   -1.41261600
 H                 -1.00465700    2.22849100   -0.46189300
 H                 -0.14477600    4.55134100   -0.75113800
 H                 -0.08446000    4.10061600    0.95843200
 H                  1.39648000    4.09764900   -0.00946200
 C                 -0.89604000   -0.41597300    0.05675500
 C                 -1.45867600   -0.62353800   -1.20746300
 C                 -1.74848800   -0.47643300    1.16862400
 C                 -2.81793900   -0.90240400   -1.35601200
 H                 -0.84357100   -0.55421400   -2.09929300
 C                 -3.10548300   -0.75609700    1.02537100
 H                 -1.35914400   -0.29656100    2.16688700
 C                 -3.64784500   -0.97597500   -0.24032800
 H                 -3.22543900   -1.05855600   -2.35110600
 H                 -3.73928100   -0.80170800    1.90674800
 H                 -4.70536000   -1.19622400   -0.35460200
 H                  3.02161000   -1.96507100    1.75398600

