!optimized with OPT=TS
 C                  0.94145800   -0.08474700    1.35646300
 C                  1.45555700    1.02414500   -0.76116500
 C                  2.70766400    0.35845300   -0.19843400
 H                  0.66569400    0.06138200    2.40223100
 H                  1.20390800    0.58658500   -1.73684800
 H                  1.65189600    2.09044700   -0.93898800
 C                  0.40299600    0.83462400    0.30170300
 O                  3.81787000    0.35370400   -0.73815000
 C                  2.37033500   -0.26064200    1.05849800
 C                 -0.65216500    1.86628400    0.53555500
 C                 -1.57977700    2.09060100   -0.66041800
 H                 -0.14494100    2.81509000    0.78025200
 H                 -1.24811400    1.60733000    1.41775600
 C                 -2.60602200    3.18690100   -0.40343100
 H                 -0.98036000    2.34664900   -1.54345300
 H                 -2.08801200    1.14637400   -0.89252100
 H                 -3.26072300    3.32955300   -1.26901400
 H                 -3.23929600    2.94141500    0.45693800
 H                 -2.11736400    4.14523100   -0.19292800
 C                 -0.05500000   -0.92520900    0.57179400
 C                  0.32338300   -1.80170200   -0.50367700
 C                 -1.38329600   -1.09217000    1.10179000
 C                 -0.61026300   -2.62301100   -1.10622100
 H                  1.34924900   -1.81396200   -0.85975000
 C                 -2.29496800   -1.92310700    0.48167700
 H                 -1.66930800   -0.55042400    1.99894500
 C                 -1.93589600   -2.67886400   -0.64687900
 H                 -0.30012900   -3.25310200   -1.93612100
 H                 -3.29776800   -2.00916600    0.89277700
 H                 -2.65935700   -3.32939300   -1.12815200
 H                  3.08760700   -0.77297900    1.69054400

