!QST3 optimized
 C                 -0.07736700    0.68511400   -0.88116900
 C                  1.75907500    1.40758700    0.61912700
 C                  0.91785700    2.60792300    0.21695500
 H                 -0.01385300    0.47528300   -1.96580600
 H                  1.67819000    1.25735700    1.70803300
 H                  2.82303000    1.60568300    0.42222600
 C                  1.21286900    0.27747100   -0.19702100
 O                  1.09819100    3.77281400    0.58784000
 C                 -0.12296800    2.15948800   -0.66872400
 C                  2.06353200   -0.86790500   -0.62637900
 C                  2.59544800   -1.73100600    0.52570500
 H                  2.93479200   -0.47549800   -1.18343400
 H                  1.52038000   -1.50202600   -1.33869100
 C                  3.50611900   -2.85250100    0.04174100
 H                  3.13953600   -1.09210500    1.23294200
 H                  1.74745500   -2.15101000    1.08181300
 H                  3.87466100   -3.45504100    0.87809400
 H                  2.97657900   -3.52294300   -0.64501100
 H                  4.37644700   -2.45219100   -0.49091900
 C                 -1.33779900   -0.04909800   -0.38477600
 C                 -2.54263300    0.62565300   -0.16344100
 C                 -1.30268500   -1.43208900   -0.17067900
 C                 -3.68130100   -0.06202200    0.25982200
 H                 -2.60723600    1.69850400   -0.31607800
 C                 -2.43877000   -2.12068200    0.24944700
 H                 -0.38162400   -1.98309800   -0.33090800
 C                 -3.63544900   -1.43816500    0.46780400
 H                 -4.60441600    0.48570800    0.42892300
 H                 -2.38609900   -3.19442300    0.40783900
 H                 -4.52072800   -1.97391400    0.79825000
 H                 -0.83821500    2.83858900   -1.12046800
