 C                 -0.07613800    0.29868000    0.84585900
 C                 -0.91138100    1.07648500   -1.29508100
 C                 -0.93157200    2.41373500    0.11961700
 H                 -0.38473400   -0.31144100    1.70493700
 H                  0.10358100    1.25083300   -1.64313500
 H                 -1.70862900    1.29027800   -2.00172500
 C                 -1.15661700    0.25755900   -0.21210600
 O                 -1.47804200    3.43708100   -0.21722600
 C                 -0.29514100    1.76146500    1.13454800
 C                 -2.46681500   -0.39187000    0.06536100
 C                 -2.43796400   -1.88593100   -0.30554600
 H                 -3.25534600    0.10459600   -0.51200900
 H                 -2.70922800   -0.29435400    1.13087100
 C                 -3.77380300   -2.56093900   -0.01959200
 H                 -2.18473300   -1.98832600   -1.36731000
 H                 -1.64225600   -2.38764200    0.25809100
 H                 -3.73992400   -3.62100000   -0.28917900
 H                 -4.03184300   -2.49227000    1.04285200
 H                 -4.58277400   -2.09433100   -0.59219000
 C                  1.31197300   -0.14745500    0.41847700
 C                  2.27990500    0.76395400   -0.00844900
 C                  1.63676900   -1.50891100    0.44393700
 C                  3.54187900    0.32661800   -0.41284400
 H                  2.04212000    1.82511100   -0.01176100
 C                  2.89503800   -1.95037700    0.04074200
 H                  0.89928600   -2.23105800    0.78831500
 C                  3.85279900   -1.03186900   -0.39185300
 H                  4.28334900    1.05009200   -0.74105000
 H                  3.13026100   -3.01085700    0.06908500
 H                  4.83569400   -1.37345400   -0.70416400
 H                 -0.04407400    2.26030900    2.06775800

