 C                 -0.15640800   -0.12620300   -0.62605500
 C                  0.78719800    2.04914000   -0.36794900
 C                 -0.66464300    2.01480300    0.07926600
 H                 -0.23902300   -1.18489100   -0.85230900
 H                  1.41046900    2.28924300    0.50020200
 H                  0.93326800    2.84871600   -1.09967400
 C                  1.09506600    0.64746500   -0.92381300
 O                 -1.29056400    2.97494000    0.48871200
 C                 -1.13985700    0.61608000   -0.07892200
 C                 -2.48830900    0.12697700    0.28580100
 O                 -2.59803300   -1.19326400    0.09351700
 O                 -3.38478400    0.82915100    0.70996400
 C                  2.33896000   -0.01883700   -0.37210100
 C                  2.42928500   -0.34642700    0.98621800
 C                  3.41743200   -0.31477600   -1.20953000
 C                  3.57609000   -0.95114100    1.49543800
 H                  1.59825100   -0.12644300    1.65320100
 C                  4.56770300   -0.91910000   -0.70180800
 H                  3.35882900   -0.06781700   -2.26698300
 C                  4.64997600   -1.23920200    0.65209200
 H                  3.63057600   -1.19972000    2.55164300
 H                  5.39856200   -1.13945500   -1.36623600
 H                  5.54445100   -1.71085500    1.04885300
 C                 -3.87279500   -1.80143100    0.39228500
 C                 -4.80377200   -1.73336200   -0.79797300
 H                 -4.30016800   -1.30800400    1.26830100
 H                 -3.62292600   -2.83327500    0.64621700
 H                 -5.73424600   -2.25875500   -0.56091500
 H                 -5.05084900   -0.69815600   -1.04793900
 H                 -4.35457300   -2.21227700   -1.67279400
 H                  1.19887500    0.69114200   -2.01679700

