 C                 -1.36054700    0.41317200    1.41103300
 C                 -1.48246700   -0.74193100   -0.71544400
 C                 -2.77469800   -0.01404800   -0.33025600
 H                 -0.99757800    0.78974500    2.35963600
 H                 -1.03167500   -0.23619000   -1.57865600
 H                 -1.66374700   -1.78435600   -0.99249500
 C                 -0.61175300   -0.58974300    0.57356500
 O                 -3.75731500   -0.05353300   -1.17207700
 C                 -2.61988000    0.66751000    0.87178600
 C                  0.82307600   -0.24218200    0.24755800
 C                  1.82395700   -1.21659100    0.32060700
 C                  1.17550500    1.05243400   -0.15514800
 C                  3.14665000   -0.90804100    0.00271300
 H                  1.56497000   -2.22562300    0.63396900
 C                  2.49450700    1.36394500   -0.47500400
 H                  0.40764300    1.82079700   -0.20985400
 C                  3.48583400    0.38364200   -0.39691900
 H                  3.91155600   -1.67688400    0.06975200
 H                  2.75148800    2.37406400   -0.78238900
 H                  4.51542600    0.62697100   -0.64391000
 H                 -3.39279000    1.29267900    1.30429700
 H                 -0.60787600   -1.56193300    1.08931800

