 C                  0.64500500   -1.10947600   -0.78083300
 C                  1.78506900   -0.24210100    1.21268800
 C                  2.44006500    0.29308000   -0.06015900
 H                  0.35557400   -1.97275300   -1.37298800
 H                  1.47856400    0.58290200    1.86557500
 H                  2.52059800   -0.83657400    1.76694100
 C                  0.63646900   -1.10432300    0.73396000
 O                  3.39287600    1.07943400   -0.09038400
 C                  1.76215300   -0.27300200   -1.19728100
 C                 -0.52652700   -0.42639300    0.01254500
 C                 -0.67686400    1.04063700    0.01663800
 C                 -1.79035600   -1.18783400   -0.01190500
 C                 -1.91744500    1.62460000    0.00448500
 H                  0.20859600    1.66769900    0.03613200
 C                 -3.00462000   -0.56069300   -0.01569000
 H                 -1.72740200   -2.27338900   -0.01703500
 C                 -3.10050200    0.85317000   -0.01107900
 H                 -1.98902300    2.70934600    0.01128900
 H                 -3.91219900   -1.15878600   -0.02254200
 H                 -4.07148100    1.33722300   -0.01397300
 H                  2.08083300   -0.11993600   -2.22254500
 H                  0.39824700   -2.01718600    1.27199900

