 C                  0.59065800   -0.90648800    0.06164400
 C                  2.66195900    0.01225200    1.08714000
 C                  2.68689400    0.22657000   -0.42087500
 H                  0.51965400   -1.99757700   -0.11674600
 H                  2.80351500    0.97076400    1.60875900
 H                  3.51786000   -0.61530000    1.38347100
 C                  1.33936200   -0.62336900    1.33659500
 O                  3.60127400    0.76506900   -1.05425200
 C                  1.47406600   -0.30841900   -0.98081400
 C                 -0.83555500   -0.37113600    0.01753200
 C                 -1.08989100    0.97889000    0.28717000
 C                 -1.90616900   -1.21079700   -0.29783800
 C                 -2.38968100    1.47744000    0.24117600
 H                 -0.26526700    1.64146200    0.54010200
 C                 -3.20931900   -0.71407300   -0.34235400
 H                 -1.72064000   -2.26176500   -0.50764200
 C                 -3.45434600    0.63151600   -0.07384600
 H                 -2.57237800    2.52746200    0.45254600
 H                 -4.03228400   -1.38061400   -0.58525200
 H                 -4.46842100    1.01959000   -0.10747500
 H                  0.95789000   -0.89528300    2.31363700
 H                  1.24200400   -0.28360600   -2.04056400

