 C                  0.69956500   -0.85716600   -0.99212400
 C                  1.81342400   -0.57046400    1.19746400
 C                  2.10472900    0.67182200    0.35023100
 H                  0.63703100   -1.39837500   -1.93681400
 H                  0.89831400   -0.57934200    1.79673000
 H                  2.67543100   -0.79259900    1.83384100
 C                  1.78948200   -1.35116200   -0.11793700
 O                  2.52917400    1.77061200    0.64117000
 C                  1.98106500   -0.04162900   -0.94390000
 C                 -0.62380200   -0.36437500   -0.49496600
 C                 -1.03583900    0.95337200   -0.71251500
 C                 -1.49019000   -1.24408900    0.16373500
 C                 -2.29009400    1.38546700   -0.28154400
 H                 -0.36853800    1.64440300   -1.22171600
 C                 -2.74368100   -0.81471600    0.59589100
 H                 -1.17625900   -2.27018700    0.34075700
 C                 -3.14737000    0.50240900    0.37365300
 H                 -2.59598300    2.41324600   -0.45662700
 H                 -3.40435800   -1.50772900    1.10955800
 H                 -4.12338200    0.83860000    0.71214700
 H                  2.56465600    0.15150000   -1.83798100
 H                  2.31596300   -2.28122400   -0.29718500



