 C                 -0.78269100    0.58603400   -0.76317600
 C                 -0.87748900    1.90223100    1.41101900
 C                 -2.75981300   -0.87708900   -0.29094800
 H                 -0.68790600    1.13961700   -1.70919500
 H                 -1.39638200    2.60915600    2.05196400
 H                  0.06746300    1.50336300    1.77040500
 C                 -1.38969100    1.55103100    0.23101300
 O                 -3.68502500   -1.16126300    0.37044300
 C                 -1.73518100   -0.56098200   -1.05109400
 C                  0.60964700    0.11256100   -0.38481500
 C                  0.81048000   -0.96819200    0.47867700
 C                  1.72740200    0.78921100   -0.88352500
 C                  2.09857300   -1.35946700    0.84161200
 H                 -0.04867900   -1.51162700    0.86311500
 C                  3.01746100    0.39958600   -0.52562200
 H                  1.58623400    1.62968900   -1.55995000
 C                  3.20697100   -0.67695700    0.34035800
 H                  2.23637600   -2.20212600    1.51377900
 H                  3.87384500    0.93444700   -0.92718900
 H                  4.21096000   -0.98528400    0.61832400
 H                 -1.57576300   -1.19644900   -1.91833300
 H                 -2.33996200    1.98151500   -0.08745500

