 C                 -1.32500600    0.23161700   -1.41118300
 C                 -1.53561800    0.49657500    0.95498200
 C                 -2.76806300   -0.14408900    0.33878500
 H                 -0.88986100    0.25779900   -2.40654000
 H                 -1.07573900   -0.22126900    1.64297700
 H                 -1.81918900    1.37260300    1.54574300
 C                 -0.60531300    0.83107500   -0.22881000
 O                 -3.77943500   -0.46664900    0.94618200
 C                 -2.51862200   -0.29898800   -1.10124500
 C                  0.82045400    0.34031800   -0.08776700
 C                  1.10725300   -1.03018100   -0.07056300
 C                  1.87636600    1.24761300    0.03525500
 C                  2.41750500   -1.48123400    0.07285300
 H                  0.29944900   -1.75213400   -0.17096100
 C                  3.18964900    0.79953200    0.17980200
 H                  1.66923700    2.31527000    0.02005900
 C                  3.46413600   -0.56678800    0.19905300
 H                  2.62202000   -2.54832300    0.08339000
 H                  3.99756600    1.51968100    0.27584800
 H                  4.48620400   -0.91777100    0.30992400
 H                 -3.22301900   -0.76432700   -1.78151900
 H                 -0.56762500    1.91896400   -0.37535500

