!optimized with OPT=TS
 C                 -0.80033300   -1.21867800    0.91965800
 C                 -1.83708700   -0.40922600   -1.11290300
 C                 -2.37710200    0.35603800    0.09473000
 H                 -0.35456100   -1.93328100    1.59700100
 H                 -1.56689100    0.26439700   -1.93268500
 H                 -2.62509300   -1.07586900   -1.48560000
 C                 -0.65896500   -1.21884400   -0.57329400
 O                 -3.22653400    1.26824100    0.04091300
 C                 -1.75658200   -0.16563200    1.26993100
 C                  0.61259900   -0.45555100   -0.33533800
 C                  0.66707400    0.97039500   -0.32635600
 C                  1.83073600   -1.17139000   -0.13093100
 C                  1.86142600    1.62499800   -0.04682000
 H                 -0.21342500    1.55594000   -0.56587300
 C                  3.00868900   -0.50360300    0.12097500
 H                  1.81477600   -2.25744000   -0.17878300
 C                  3.03255400    0.90454100    0.18677900
 H                  1.88253000    2.71116600   -0.03664300
 H                  3.92707500   -1.06637700    0.26233700
 H                  3.96354500    1.42396800    0.39200000
 H                 -0.49317200   -2.18294200   -1.05518900
 H                 -2.02056300    0.13622400    2.27754400
