!optimized with OPT=TS
 C                  0.66994500   -1.16919800   -0.64386800
 C                  1.74955100   -0.08894700    1.28297700
 C                  2.46788400    0.29328200   -0.00998500
 H                  0.50197700   -2.12740000   -1.13772600
 H                  1.34443300    0.81329100    1.76315000
 H                  2.46245600   -0.52700300    1.99357600
 C                  0.71198600   -1.07792000    0.84707300
 O                  3.43492100    1.05516900   -0.09046900
 C                  1.81788500   -0.37261100   -1.11271600
 C                 -0.60355100   -0.42677800   -0.28741800
 C                 -0.72244000    1.00181900   -0.31706100
 C                 -1.81579800   -1.18318900   -0.13838500
 C                 -1.93981300    1.60932900   -0.06688500
 H                  0.14870900    1.61519000   -0.52848200
 C                 -3.01791600   -0.55061400    0.10725000
 H                 -1.76921200   -2.26782000   -0.19891400
 C                 -3.09667900    0.85111800    0.16693000
 H                 -1.99915400    2.69475600   -0.07427100
 H                 -3.91603700   -1.14884900    0.23791500
 H                 -4.04587300    1.34110000    0.35974400
 H                  2.14783800   -0.29195000   -2.14264300
 H                  0.31916000   -1.86041500    1.48392900

