!QST3 optimized
 C                 -0.56501000   -0.83087800    0.19945000
 C                 -2.93949900   -0.76308300   -0.66174100
 C                 -2.53577500    0.62794400   -0.15591900
 H                 -0.23170700   -1.37044000    1.11693500
 H                 -2.74543000   -1.02629700   -1.70408100
 H                 -3.99710100   -0.92871100   -0.42768600
 C                 -1.98519400   -1.31659700    0.40860700
 O                 -2.95986300    1.74036800   -0.38269000
 C                 -1.60880400    0.07913500    0.87665700
 C                  0.85283200   -0.34625000   -0.00936800
 C                  1.88932100   -1.25936300   -0.25033400
 C                  1.16365400    1.00777200    0.14055800
 C                  3.21245100   -0.82946000   -0.28554500
 H                  1.65663400   -2.31179900   -0.39062200
 C                  2.49261700    1.43275600    0.10784200
 H                  0.36710800    1.72791600    0.30305300
 C                  3.52326200    0.51947600   -0.10192400
 H                  4.00471100   -1.55245000   -0.46023900
 H                  2.71699300    2.48754400    0.24212300
 H                  4.55660300    0.85286900   -0.12585600
 H                 -2.17154400   -2.19540600    1.01454800
 H                 -1.47648900    0.46512500    1.88363700

