!QST3 optimized
 C                 -0.63144000   -0.83831300    0.71102900
 C                 -1.74200000   -0.36750900   -1.40721400
 C                 -2.56290000    0.44797300    0.12458500
 H                 -0.52218600   -1.63618800    1.45470600
 H                 -0.99467100    0.38139900   -1.65887100
 H                 -2.51987400   -0.54484800   -2.14284500
 C                 -1.48088300   -1.30826100   -0.43212600
 O                 -3.61351400    0.98734900   -0.13276200
 C                 -1.70462900    0.12754200    1.14389000
 C                  0.74488100   -0.30251200    0.36378900
 C                  0.99246000    1.06270500    0.21163900
 C                  1.80105900   -1.20376800    0.18467700
 C                  2.26830300    1.52134600   -0.12012600
 H                  0.17996200    1.76930800    0.36271900
 C                  3.07518100   -0.75022300   -0.14847700
 H                  1.62344600   -2.27000100    0.31022000
 C                  3.31255500    0.61674000   -0.30273300
 H                  2.44503500    2.58748700   -0.23370600
 H                  3.88458100   -1.46259400   -0.28294200
 H                  4.30630800    0.97291700   -0.55937900
 H                 -1.85778800    0.48266200    2.16072500
 H                 -2.07222600   -2.21324100   -0.32212900

