0 1 or 0 3 for multiplicities
 C                 -0.37452200    0.33428700   -0.64119400
 C                  0.58498900    1.05521300    1.44923200
 C                 -0.86926000    0.61185000    1.58584600
 H                 -0.49204000    0.05024500   -1.67776300
 H                  1.22103000    0.63080600    2.22822400
 H                  0.60546800    2.14477700    1.56532300
 C                  0.96551900    0.63562000   -0.00460700
 O                 -1.45408600    0.68802200    2.71413100
 C                 -1.37381500    0.25738800    0.34317300
 C                 -2.78601400   -0.11159900    0.24059200
 O                 -3.13811500   -0.43984000   -1.00166700
 O                 -3.54265200   -0.12075400    1.19347100
 C                  1.68191400    1.80475400   -0.70460500
 C                  3.02633000    2.19944400   -0.10278600
 H                  1.00153300    2.66457900   -0.67592800
 H                  1.80745300    1.56763400   -1.76728700
 C                  3.66616300    3.36612900   -0.84324700
 H                  2.89442400    2.46733500    0.95269700
 H                  3.70332700    1.33821700   -0.11592800
 H                  4.62697300    3.64095200   -0.39890800
 H                  3.84448100    3.11552100   -1.89424800
 H                  3.02200800    4.25129400   -0.81897000
 C                  1.76576200   -0.67195900   -0.04220000
 C                  1.64857400   -1.62929800    0.97080900
 C                  2.56643200   -0.98860800   -1.14528200
 C                  2.31338500   -2.84897300    0.89155600
 H                  1.02563800   -1.43913800    1.83822800
 C                  3.23315900   -2.20565600   -1.22673200
 H                  2.67754800   -0.28035200   -1.95890000
 C                  3.11288700   -3.14350000   -0.20651400
 H                  2.20370100   -3.57001300    1.69552500
 H                  3.85198800   -2.41891800   -2.09275700
 H                  3.63538100   -4.09253100   -0.26761600
 C                 -4.51663000   -0.80678800   -1.22487400
 C                 -5.37676700    0.41056100   -1.46973600
 H                 -4.86845900   -1.38470400   -0.36858900
 H                 -4.48044200   -1.45324400   -2.10214000
 H                 -6.39714400    0.09165800   -1.69993400
 H                 -5.41176000    1.05404700   -0.58794500
 H                 -5.00091300    0.98922600   -2.31715700

