 C                  0.15553000   -0.18490000   -0.48578200
 C                 -0.85430700   -1.51480500    1.29411900
 C                  0.62081200   -1.27619500    1.59162600
 H                  0.40207500   -0.05955900   -1.53532900
 H                 -1.47353600   -1.18232600    2.13370100
 H                 -1.00729900   -2.59667900    1.19184600
 C                 -1.14853400   -0.81323000   -0.02239700
 O                  1.19608600   -1.65349600    2.60474900
 C                  1.19556100   -0.53603900    0.46430400
 C                  2.62287800   -0.25214900    0.28065500
 O                  2.83167200    0.46343300   -0.83475500
 O                  3.50900600   -0.61164400    1.03645100
 C                 -2.08384700   -1.50970300   -0.98243800
 C                 -3.53566200   -1.52037800   -0.50413700
 H                 -1.72793000   -2.54217500   -1.10650800
 H                 -2.02950200   -1.05047800   -1.97529100
 C                 -4.45767900   -2.25951200   -1.46608500
 H                 -3.59067100   -1.98505900    0.48875400
 H                 -3.87698200   -0.48450600   -0.38090400
 H                 -5.49197900   -2.25428400   -1.10791800
 H                 -4.44579100   -1.79584000   -2.45915300
 H                 -4.15027800   -3.30490700   -1.58387300
 C                 -1.03715000    0.71994400    0.01500100
 C                 -0.94265900    1.42619200    1.30913200
 C                 -1.69556500    1.49066100   -1.05964200
 C                 -1.49907900    2.66604800    1.48999600
 H                 -0.43811300    0.95188900    2.14397600
 C                 -2.23758100    2.72440500   -0.82994600
 H                 -1.74128300    1.06019000   -2.05477400
 C                 -2.16652100    3.33816900    0.44419100
 H                 -1.41943700    3.13969600    2.46513800
 H                 -2.72446500    3.24720700   -1.64913500
 H                 -2.60561000    4.31633600    0.60920700
 C                  4.19802400    0.80184200   -1.15249700
 C                  4.87102000   -0.30716400   -1.93124000
 H                  4.72949300    1.02249200   -0.22363200
 H                  4.11543000    1.71412900   -1.74615400
 H                  5.88122300    0.00830800   -2.21043100
 H                  4.95146000   -1.21829300   -1.33256900
 H                  4.31763000   -0.53160700   -2.84765800
