0 3
 C                 -0.28185400   -0.26048700   -0.50773300
 C                 -1.32437300   -2.33206100    0.36823900
 C                  0.15090400   -2.32385700    0.72369000
 H                 -0.01993200   -0.22045100   -1.58389900
 H                 -1.92516600   -2.50045000    1.27411800
 H                 -1.52804900   -3.19782300   -0.28565600
 C                 -1.56904700   -1.02040700   -0.29825100
 O                  0.74056700   -3.21341200    1.32744300
 C                  0.74140500   -1.09529900    0.19133500
 C                  2.16931400   -0.75261000    0.29489100
 O                  2.55210700    0.03472000   -0.71493700
 O                  2.90048100   -1.12762000    1.19317200
 C                 -2.83157800   -0.65086100   -0.98918200
 C                 -4.10688500   -0.94195400   -0.19229400
 H                 -2.89330900   -1.19373400   -1.95182100
 H                 -2.80211900    0.41522700   -1.25205700
 C                 -5.36786200   -0.54663300   -0.95062200
 H                 -4.14793600   -2.01029700    0.05531700
 H                 -4.06239000   -0.40392400    0.76331600
 H                 -6.26814000   -0.76257800   -0.36653500
 H                 -5.36942800    0.52452000   -1.18301900
 H                 -5.44587400   -1.09178600   -1.89839500
 C                 -0.33008300    1.18347000   -0.01901000
 C                 -0.55794500    1.45710200    1.33473200
 C                 -0.17003500    2.24827600   -0.90754900
 C                 -0.61759700    2.77201600    1.79058900
 H                 -0.69554200    0.63660200    2.03555800
 C                 -0.23663500    3.56609400   -0.45440800
 H                  0.00970400    2.04606400   -1.96082000
 C                 -0.45812000    3.83129100    0.89610500
 H                 -0.79132900    2.96972200    2.84472600
 H                 -0.11426900    4.38481100   -1.15813200
 H                 -0.50798500    4.85697300    1.25041600
 C                  3.93053600    0.46705000   -0.73183500
 C                  4.81357400   -0.54719600   -1.42420600
 H                  4.25186300    0.64827200    0.29652400
 H                  3.90534200    1.41376300   -1.27458000
 H                  5.83589100   -0.16002000   -1.47687700
 H                  4.83465300   -1.49290300   -0.87626700
 H                  4.46645800   -0.73509500   -2.44427600

