0 1
 C                 -0.05781000   -0.26636200   -0.45625600
 C                 -1.09238500   -1.89533600    0.97562900
 C                  0.45583000   -1.98669400    1.13891100
 H                  0.13551900   -0.15881100   -1.53103900
 H                 -1.47252900   -1.37225700    1.86892500
 H                 -1.63762700   -2.84471100    0.93163000
 C                 -1.27239200   -1.06378500   -0.20529200
 O                  0.94811400   -2.83468400    1.89765600
 C                  1.00997400   -0.97085200    0.33725100
 C                  2.39621200   -0.63456100    0.23489700
 O                  2.58950100    0.38393300   -0.65757800
 O                  3.33723400   -1.14762800    0.83826400
 C                 -2.42249300   -1.11661700   -1.10152800
 C                 -3.80518600   -1.25414600   -0.45423600
 H                 -2.20406300   -2.04010100   -1.67902900
 H                 -2.38648900   -0.30240200   -1.83154200
 C                 -4.89721300   -1.41820800   -1.50260900
 H                 -3.81310100   -2.10816800    0.23106400
 H                 -3.99408300   -0.35907400    0.14920300
 H                 -5.87894000   -1.48776100   -1.02568900
 H                 -4.91862400   -0.56618500   -2.19028200
 H                 -4.74509000   -2.32652900   -2.09531300
 C                 -0.53628000    1.11602200    0.05846300
 C                 -0.47449400    1.42394800    1.41998900
 C                 -1.03519200    2.06439200   -0.84212200
 C                 -0.88051900    2.67649500    1.87431900
 H                 -0.07732700    0.69186000    2.11868400
 C                 -1.43746000    3.31655300   -0.38695900
 H                 -1.07826300    1.83646600   -1.90426100
 C                 -1.36483500    3.62366600    0.97287900
 H                 -0.81745500    2.91147500    2.93271600
 H                 -1.80160300    4.05538200   -1.09480900
 H                 -1.68189400    4.60018700    1.32712700
 C                  3.94017100    0.79957300   -0.89364600
 C                  4.59309900   -0.02212800   -1.98615000
 H                  4.50452000    0.73336100    0.04024500
 H                  3.86039100    1.84961600   -1.18721300
 H                  5.60225300    0.35543200   -2.18169100
 H                  4.67175600   -1.07195200   -1.69036000
 H                  4.01969800    0.03944900   -2.91634000

