 C                  0.64920500    0.10876500   -0.62095000
 C                  0.52535200    1.42674500    1.44845800
 C                  0.34759600   -0.04213300    1.82313100
 H                  0.21258500   -0.15131400   -1.58591400
 H                  1.54683100    1.81606700    1.40581900
 H                 -0.07829700    2.05043300    2.11454400
 C                 -0.14831400    1.11551000    0.10566500
 O                  0.47375200   -0.62940300    2.87292500
 C                 -0.24397800   -0.42147300    0.50671300
 C                 -1.32501700   -1.40288300    0.28957600
 O                 -1.81028100   -1.34437900   -0.95633800
 O                 -1.73713200   -2.15997200    1.14822600
 C                 -1.23141100    1.93610400   -0.53111100
 C                 -2.40614200    2.27639400    0.38382300
 H                 -1.59801000    1.40187400   -1.41615500
 H                 -0.77165400    2.86434000   -0.90008500
 C                 -3.48739500    3.06736500   -0.34301500
 H                 -2.83412700    1.34801300    0.78412400
 H                 -2.05342400    2.85319200    1.24748800
 H                 -4.32028500    3.30666800    0.32534300
 H                 -3.09090300    4.01125800   -0.73408500
 H                 -3.89011700    2.49959600   -1.18955500
 C                  2.14100900   -0.00713300   -0.57700300
 C                  2.76756200   -1.16238400   -0.10200900
 C                  2.92805700    1.04184100   -1.06484300
 C                  4.15797900   -1.26848400   -0.11285200
 H                  2.16379200   -1.98172500    0.28043800
 C                  4.31763100    0.93714200   -1.07602000
 H                  2.44809900    1.94442300   -1.43568800
 C                  4.93625100   -0.21915500   -0.59976700
 H                  4.63242100   -2.17148200    0.26098100
 H                  4.91755600    1.76020300   -1.45420100
 H                  6.01947300   -0.30038800   -0.60614900
 C                 -2.91811400   -2.21425400   -1.27770300
 C                 -4.23904100   -1.57092300   -0.91915100
 H                 -2.77730800   -3.16539000   -0.75920000
 H                 -2.82858600   -2.37364700   -2.35387200
 H                 -5.05853400   -2.22637400   -1.23025500
 H                 -4.32039500   -1.41158800    0.15944500
 H                 -4.35720600   -0.61038900   -1.42917900
