 C                 -0.22320700    0.34126200   -0.23340700
 C                 -1.86252900    2.05171100    0.58850000
 C                 -0.71167200   -0.83293500    1.90471500
 H                 -0.17841800   -0.14016500   -1.21875200
 H                 -2.86769900    2.44101100    0.71541800
 H                 -1.05293300    2.62459800    1.03125700
 C                 -1.63009200    0.92285400   -0.08931400
 O                 -1.32374500   -0.88273300    2.88776200
 C                 -0.01908800   -0.78875600    0.76730400
 C                  0.92620900   -1.89398500    0.59466400
 O                  1.56339800   -1.81125800   -0.57666500
 O                  1.10994400   -2.77984700    1.41820400
 C                 -2.70296300    0.10020000   -0.75717200
 C                 -4.14581600    0.52120900   -0.51192500
 H                 -2.57586500   -0.95072600   -0.45674900
 H                 -2.50201600    0.10860200   -1.83997000
 C                 -5.13835300   -0.39297500   -1.22167000
 H                 -4.35007100    0.51940000    0.56646600
 H                 -4.29258900    1.55338000   -0.85428800
 H                 -6.16996400   -0.07633000   -1.03837300
 H                 -4.97571500   -0.38850400   -2.30554700
 H                 -5.04046100   -1.42828200   -0.87562900
 C                  0.88409700    1.38010300   -0.19727100
 C                  1.55966400    1.72219100    0.97626700
 C                  1.22241600    2.04330800   -1.38263400
 C                  2.54300900    2.71264000    0.96965800
 H                  1.32506900    1.20878200    1.90493700
 C                  2.20442500    3.03056600   -1.39407600
 H                  0.71050800    1.78153200   -2.30630100
 C                  2.86841400    3.37075000   -0.21448900
 H                  3.05726100    2.96519500    1.89293600
 H                  2.45559000    3.53095000   -2.32532300
 H                  3.63727400    4.13818200   -0.22109900
 C                  2.51371500   -2.85380300   -0.88511100
 C                  1.83627500   -4.03067800   -1.55078500
 H                  3.02241300   -3.14793600    0.03565400
 H                  3.22894600   -2.37202900   -1.55448800
 H                  2.59065200   -4.77337000   -1.82900000
 H                  1.12064400   -4.50742600   -0.87563900
 H                  1.31357700   -3.71813700   -2.45944100
