 C                  0.43279900   -0.24022200   -0.40055800
 C                 -0.63438000   -1.00694700    1.57756600
 C                  0.81360200   -0.62941000    1.84055200
 H                  0.58459900    0.01663200   -1.44530800
 H                 -1.29827800   -0.56696000    2.32440500
 H                 -0.70251400   -2.09489400    1.69972900
 C                 -0.93569700   -0.61068200    0.11703700
 O                  1.35882600   -0.66572600    2.92834700
 C                  1.40196500   -0.23392600    0.53676000
 C                  2.82141300    0.11322500    0.30843000
 O                  3.01701600    0.58490400   -0.92940500
 O                  3.70391700   -0.01374600    1.13452800
 C                 -1.48670200   -1.80547700   -0.68823200
 C                 -2.85163500   -2.31410400   -0.22973400
 H                 -0.75437700   -2.61946100   -0.60233000
 H                 -1.52211200   -1.55343500   -1.75543700
 C                 -3.32297900   -3.50522700   -1.05638900
 H                 -2.79991300   -2.60106300    0.82817300
 H                 -3.59128800   -1.50732600   -0.29135500
 H                 -4.29823600   -3.86433200   -0.71288700
 H                 -3.41953100   -3.23817400   -2.11496100
 H                 -2.61622300   -4.33999300   -0.98756300
 C                 -1.78017900    0.66839100   -0.01581800
 C                 -1.68369700    1.68553800    0.94331900
 C                 -2.59230300    0.89760600   -1.13308700
 C                 -2.39653800    2.87468300    0.80901300
 H                 -1.04214200    1.56307500    1.81138900
 C                 -3.30695800    2.08717100   -1.27135900
 H                 -2.68321000    0.14541900   -1.90977400
 C                 -3.21630700    3.08064900   -0.29941000
 H                 -2.30592400    3.64211200    1.57260500
 H                 -3.93710400    2.23268600   -2.14436500
 H                 -3.77424900    4.00647300   -0.40574900
 C                  4.36982900    0.92542800   -1.30046500
 C                  5.11302900   -0.28217500   -1.82727400
 H                  4.87172100    1.36265300   -0.43418500
 H                  4.25064600    1.68946200   -2.07094000
 H                  6.11148900    0.02169100   -2.15702700
 H                  5.22724400   -1.04473800   -1.05224700
 H                  4.58975300   -0.72041900   -2.68203800

