!QST3 optimized
0 3
 C                  0.13867700   -0.51357400   -0.63971800
 C                 -0.92738500   -1.42931700    1.30251400
 C                  0.52901200   -1.12173500    1.62871900
 H                  0.33108800   -0.25788900   -1.67171600
 H                 -1.59126600   -1.12771400    2.11765500
 H                 -1.01938200   -2.51846900    1.19523300
 C                 -1.22042300   -0.75771200   -0.04527000
 O                  1.05773000   -1.33339900    2.72015700
 C                  1.14411400   -0.58239300    0.42329100
 C                  2.56063200   -0.26335800    0.26757400
 O                  2.83008400    0.10838200   -0.99715600
 O                  3.39903200   -0.31109600    1.15459500
 C                 -2.24210600   -1.49170600   -0.90482100
 C                 -3.65973600   -1.46792000   -0.33981000
 H                 -1.89743300   -2.52940400   -1.00458600
 H                 -2.24383200   -1.08170400   -1.92193400
 C                 -4.64781500   -2.22284200   -1.22110800
 H                 -3.66072400   -1.90297700    0.66790300
 H                 -3.98804500   -0.42641400   -0.22571400
 H                 -5.65789200   -2.19580800   -0.80026900
 H                 -4.69291000   -1.78765600   -2.22605700
 H                 -4.35845700   -3.27456000   -1.32768200
 C                 -1.36111400    0.74541200    0.05645900
 C                 -1.00347300    1.46195300    1.24199900
 C                 -1.82532200    1.51361900   -1.05564200
 C                 -1.05389100    2.85105500    1.27906300
 H                 -0.72944600    0.93100600    2.14570200
 C                 -1.89207500    2.88625300   -0.99222300
 H                 -2.13055900    1.00770900   -1.96563800
 C                 -1.48832100    3.57496900    0.17191000
 H                 -0.77324200    3.36834600    2.19189500
 H                 -2.26176600    3.44467900   -1.84730900
 H                 -1.53616400    4.65882600    0.20751100
 C                  4.19635100    0.44995800   -1.30329400
 C                  5.00566300   -0.77970500   -1.65484800
 H                  4.62493700    0.98296200   -0.45091900
 H                  4.11837800    1.13192900   -2.15229200
 H                  6.01730000   -0.47767300   -1.94374000
 H                  5.08253900   -1.45894600   -0.80179700
 H                  4.55539100   -1.31507500   -2.49579700

