0 3
 C                  0.15831000   -0.18559900   -0.51020700
 C                 -0.82973300   -1.66900700    1.16099200
 C                  0.65465700   -1.48962100    1.45128600
 H                  0.43338200   -0.06767700   -1.55826800
 H                 -1.41991000   -1.30605200    2.01304600
 H                 -1.04885800   -2.74138400    1.06464000
 C                 -1.07747600   -0.94428100   -0.13378100
 O                  1.24804400   -1.97678400    2.40389700
 C                  1.22221100   -0.63259800    0.40234600
 C                  2.64328200   -0.29012600    0.25963900
 O                  2.82289300    0.59487700   -0.72949500
 O                  3.54057600   -0.74584500    0.94569900
 C                 -2.09399200   -1.43089000   -1.11395800
 C                 -3.52872100   -1.41327700   -0.58204700
 H                 -1.82498800   -2.46434600   -1.39098300
 H                 -2.03820400   -0.84670800   -2.03919800
 C                 -4.52789100   -1.96839600   -1.58919800
 H                 -3.58046900   -1.99499300    0.34717500
 H                 -3.79309200   -0.38156000   -0.31875700
 H                 -5.54748700   -1.94354900   -1.19184200
 H                 -4.51737500   -1.38644400   -2.51797400
 H                 -4.29490300   -3.00812200   -1.84622500
 C                 -0.80850100    0.87462300   -0.00575600
 C                 -0.80240700    1.37479400    1.34188200
 C                 -1.56272000    1.62767800   -0.97245800
 C                 -1.63331800    2.41609300    1.70957800
 H                 -0.15194900    0.92938000    2.08889100
 C                 -2.38213200    2.66577500   -0.57649200
 H                 -1.48879400    1.36802100   -2.02451300
 C                 -2.45439700    3.05879800    0.77018400
 H                 -1.62787100    2.75417400    2.74267200
 H                 -2.95929300    3.19971600   -1.32719000
 H                 -3.10151900    3.87625700    1.07190200
 C                  4.17790600    1.01604400   -0.99837200
 C                  4.86777900    0.06303300   -1.94943400
 H                  4.71312600    1.09861100   -0.04940600
 H                  4.06539000    2.00891200   -1.43734700
 H                  5.86673500    0.44508500   -2.18180000
 H                  4.97732100   -0.92973100   -1.50508100
 H                  4.30951500   -0.02582000   -2.88577800

