0 1
 C                 -0.14189800   -0.17931300   -0.35118500
 C                 -1.26918600   -1.52804100    1.29918000
 C                  0.28951500   -1.76442500    1.41082000
 H                  0.03973400   -0.21342700   -1.43294200
 H                 -1.49256100   -0.79163900    2.08710700
 H                 -1.90516000   -2.39979400    1.47039500
 C                 -1.37778900   -0.93154100   -0.01181900
 O                  0.71771000   -2.57363100    2.23887000
 C                  0.89517000   -0.90621400    0.47844300
 C                  2.30517900   -0.75047800    0.27420200
 O                  2.55844000    0.13168100   -0.73601000
 O                  3.21150600   -1.30712500    0.89046200
 C                 -2.44368000   -1.17576500   -0.97729600
 C                 -3.84504000   -1.47372000   -0.44682800
 H                 -2.04965900   -2.06204300   -1.52173700
 H                 -2.44353000   -0.38354200   -1.73576600
 C                 -4.82404000   -1.74519100   -1.58206600
 H                 -3.81483100   -2.33457100    0.22907300
 H                 -4.18585200   -0.61647700    0.14461600
 H                 -5.82545800   -1.93960300   -1.18800200
 H                 -4.89186700   -0.88857000   -2.26113700
 H                 -4.51861600   -2.61757500   -2.16975800
 C                 -0.44874400    1.28574200    0.01663200
 C                 -0.23250700    1.75429000    1.31428100
 C                 -0.96267200    2.15552300   -0.95049000
 C                 -0.50705000    3.08128600    1.63744200
 H                  0.17952000    1.08366600    2.06486900
 C                 -1.23851600    3.48241700   -0.62743800
 H                 -1.12610200    1.80330500   -1.96637700
 C                 -1.01379800    3.94730200    0.66838800
 H                 -0.32372600    3.43871500    2.64665900
 H                 -1.62371200    4.15380400   -1.38945700
 H                 -1.22958700    4.98140100    0.92105000
 C                  3.93149800    0.35515600   -1.08285700
 C                  4.41433600   -0.64469800   -2.11311500
 H                  4.54098200    0.31436400   -0.17638100
 H                  3.95422600    1.37251300   -1.48199100
 H                  5.44527200   -0.41243800   -2.39994100
 H                  4.39178300   -1.66142300   -1.71119900
 H                  3.79323700   -0.60804300   -3.01343700

