0 1
 C                  0.20822400   -0.28557700   -0.32712300
 C                  1.85066900   -0.52644500    1.43848200
 C                  0.73474400    1.01876000    1.62343200
 H                  0.13509000    0.04852400   -1.36847500
 H                  2.82316900   -0.36552200    1.89280300
 H                  1.17333300   -1.17731100    1.98831200
 C                  1.66452000   -0.32020200    0.08745100
 O                  1.06516300    1.72669700    2.52973200
 C                 -0.19127400    0.83073400    0.61437500
 C                 -1.34564600    1.69460900    0.46778200
 O                 -2.03304200    1.39610600   -0.65538300
 O                 -1.68024200    2.58233200    1.24279300
 C                  2.69955400    0.12799800   -0.87606300
 C                  4.09896500    0.38643100   -0.33355400
 H                  2.31378900    1.00828800   -1.41122500
 H                  2.73339300   -0.66202700   -1.64581300
 C                  5.06343500    0.80367000   -1.43747600
 H                  4.05608100    1.17084800    0.43194800
 H                  4.47407300   -0.51761800    0.16105500
 H                  6.06372800    0.98699300   -1.03435700
 H                  5.14849600    0.02512400   -2.20375300
 H                  4.72787100    1.72269900   -1.93052800
 C                 -0.52521200   -1.61014400   -0.19705400
 C                 -0.43435900   -2.54516400   -1.23446000
 C                 -1.27551400   -1.93209800    0.93561800
 C                 -1.07167000   -3.78027400   -1.13674500
 H                  0.13444400   -2.30193300   -2.12955600
 C                 -1.91622500   -3.16724400    1.03616500
 H                 -1.37112100   -1.20470400    1.73847500
 C                 -1.81401300   -4.09599200    0.00185000
 H                 -0.99328300   -4.49424000   -1.95198900
 H                 -2.49929400   -3.40064800    1.92279300
 H                 -2.31456100   -5.05706900    0.07853400
 C                 -3.19412100    2.19432800   -0.94663400
 C                 -2.82782300    3.43200400   -1.73709000
 H                 -3.69124700    2.45204000   -0.00823300
 H                 -3.84141300    1.53139800   -1.52513700
 H                 -3.73710400    3.98434200   -1.99524700
 H                 -2.18041500    4.09291800   -1.15433500
 H                 -2.31559500    3.16446300   -2.66614200

